list(alpha=1.0, beta=50.0)