list(alpha=2.0, beta=200.0)