list(
tau = 10,
mu = c(0.1, 0.2, 1.0),
omega.inv = structure(
.Data = c(
10.0, 0, 0,
0, 1.00, 0,
0, 0, 10.0),
.Dim = c(3, 3)),
theta = structure(
.Data = c(
0.1, 0.2,1.0,
0.1, 0.2, 1.0,
0.1, 0.2, 1.0,
0.1,0.2, 1.0,
0.1, 0.2,1.0,
0.1,0.2, 1.0,
0.1, 0.2,1.0,
0.1,0.2, 1.0,
0.1, 0.2, 1.0,
0.1, 0.2, 1.0),
.Dim = c(10, 3))
)