list(
tau = 100,
mu = c(1, 2, 0),
omega.inv = structure(
.Data = c(
100, 0, 0,
0, 100, 0,
0, 0, 100),
.Dim = c(3, 3)),
theta = structure(
.Data = c(
1, 2, 0,
1, 2, 0,
1, 2, 0,
1, 2, 0,
1, 2, 0,
1, 2, 0,
1, 2, 0,
1, 2, 0,
1, 2, 0,
1, 2, 0),
.Dim = c(10, 3))
)