list(tau = 100, k = 50)