list(alpha=2, sigma = 0.5, theta = 2) # MLEs are 1.3234, 0.1927, 1.1969 