list(tau = 10000)
