list(k = 0, tau = 0.01)