list(k = 1, tau = 0.01)