list(
  log.alpha = 0.40, 
  log.beta = -0.69, 
  log.gamma = 0.40, 
  log.delta = -0.30, 
  tau.x = 0.01,
  tau.y = 0.01
)