list(
z = structure(.Data = c(
	1.0,	1.0,	0.0,	0.0,	1.0,	1.0,
	0.0,	0.0,	0.0,	0.0,	1.0,	1.0,
	1.0,	0.0,	0.0,	1.0,	0.0,	0.0,
	0.0,	0.0,	0.0,	0.0,	0.0,	0.0,
	1.0,	0.0,	0.0,	0.0,	0.0,	1.0,
	1.0,	1.0,	0.0,	1.0,	0.0,	0.0,
	0.0,	1.0,	1.0,	0.0,	0.0,	0.0,
	0.0,	1.0,	0.0,	1.0,	1.0,	1.0,
	1.0,	0.0,	0.0,	0.0,	1.0,	0.0,
	1.0,	0.0,	0.0,	0.0,	1.0,	0.0,
	1.0,	0.0,	1.0,	1.0,	1.0,	1.0,
	1.0,	1.0,	0.0,	0.0,	1.0,	1.0,
	1.0,	1.0,	0.0,	0.0,	0.0,	1.0,
	0.0,	0.0,	1.0,	1.0,	1.0,	1.0,
	0.0,	0.0,	0.0,	1.0,	0.0,	0.0,
	0.0,	1.0,	1.0,	0.0,	0.0,	0.0,
	1.0,	0.0,	1.0,	1.0,	0.0,	0.0,
	1.0,	0.0,	1.0,	0.0,	1.0,	1.0,
	0.0,	0.0,	1.0,	0.0,	0.0,	1.0,
	1.0,	1.0,	0.0,	1.0,	1.0,	0.0,
	0.0,	0.0,	0.0,	0.0,	0.0,	1.0,
	1.0,	1.0,	0.0,	1.0,	1.0,	1.0,
	0.0,	1.0,	1.0,	0.0,	1.0,	1.0,
	0.0,	0.0,	1.0,	0.0,	0.0,	0.0,
	0.0,	0.0,	0.0,	1.0,	1.0,	1.0,
	1.0,	1.0,	1.0,	1.0,	1.0,	1.0,
	0.0,	0.0,	0.0,	0.0,	1.0,	1.0,
	1.0,	1.0,	1.0,	0.0,	1.0,	0.0,
	1.0,	1.0,	1.0,	0.0,	1.0,	0.0,
	1.0,	0.0,	0.0,	0.0,	0.0,	1.0,
	0.0,	0.0,	0.0,	0.0,	0.0,	1.0,
	1.0,	1.0,	1.0,	1.0,	1.0,	0.0,
	1.0,	1.0,	0.0,	0.0,	0.0,	1.0,
	0.0,	0.0,	1.0,	1.0,	0.0,	1.0,
	1.0,	0.0,	1.0,	0.0,	1.0,	1.0,
	0.0,	0.0,	0.0,	1.0,	1.0,	1.0,
	0.0,	1.0,	1.0,	0.0,	0.0,	1.0,
	1.0,	0.0,	1.0,	0.0,	0.0,	1.0,
	0.0,	0.0,	0.0,	0.0,	0.0,	1.0,
	0.0,	0.0,	0.0,	0.0,	1.0,	1.0,
	1.0,	0.0,	0.0,	0.0,	1.0,	1.0,
	1.0,	1.0,	1.0,	1.0,	1.0,	1.0,
	0.0,	1.0,	1.0,	1.0,	0.0,	0.0,
	1.0,	1.0,	0.0,	0.0,	0.0,	0.0,
	1.0,	1.0,	1.0,	0.0,	1.0,	1.0,
	0.0,	1.0,	0.0,	0.0,	1.0,	1.0,
	1.0,	1.0,	0.0,	0.0,	0.0,	0.0,
	1.0,	0.0,	1.0,	0.0,	1.0,	1.0,
	1.0,	1.0,	1.0,	1.0,	1.0,	1.0,
	0.0,	1.0,	0.0,	0.0,	0.0,	1.0,
	0.0,	0.0,	0.0,	1.0,	0.0,	0.0,
	0.0,	0.0,	1.0,	0.0,	1.0,	0.0,
	1.0,	1.0,	1.0,	1.0,	0.0,	0.0,
	0.0,	1.0,	0.0,	0.0,	0.0,	0.0,
	1.0,	0.0,	0.0,	1.0,	1.0,	1.0,
	0.0,	1.0,	1.0,	1.0,	1.0,	0.0,
	0.0,	0.0,	1.0,	0.0,	0.0,	0.0,
	1.0,	1.0,	0.0,	0.0,	1.0,	0.0,
	0.0,	1.0,	0.0,	1.0,	1.0,	1.0,
	0.0,	0.0,	1.0,	0.0,	1.0,	0.0,
	0.0,	1.0,	0.0,	0.0,	1.0,	0.0,
	1.0,	0.0,	0.0,	1.0,	0.0,	1.0,
	0.0,	1.0,	0.0,	0.0,	1.0,	0.0,
	0.0,	0.0,	0.0,	1.0,	0.0,	0.0,
	1.0,	1.0,	0.0,	0.0,	1.0,	1.0,
	0.0,	1.0,	0.0,	1.0,	0.0,	1.0,
	1.0,	0.0,	0.0,	1.0,	1.0,	0.0,
	0.0,	1.0,	0.0,	0.0,	0.0,	0.0,
	0.0,	1.0,	1.0,	0.0,	1.0,	1.0,
	1.0,	0.0,	1.0,	1.0,	0.0,	0.0,
	1.0,	1.0,	0.0,	1.0,	1.0,	0.0,
	0.0,	0.0,	1.0,	1.0,	0.0,	1.0,
	1.0,	1.0,	0.0,	1.0,	0.0,	1.0,
	1.0,	0.0,	1.0,	1.0,	1.0,	0.0,
	1.0,	1.0,	0.0,	1.0,	1.0,	0.0,
	1.0,	0.0,	1.0,	1.0,	0.0,	0.0,
	1.0,	1.0,	0.0,	0.0,	0.0,	0.0,
	0.0,	1.0,	0.0,	1.0,	1.0,	0.0,
	1.0,	1.0,	0.0,	1.0,	1.0,	0.0,
	1.0,	1.0,	0.0,	0.0,	0.0,	1.0,
	0.0,	0.0,	1.0,	0.0,	1.0,	0.0,
	0.0,	1.0,	0.0,	0.0,	1.0,	0.0,
	1.0,	0.0,	1.0,	0.0,	0.0,	1.0,
	0.0,	1.0,	1.0,	0.0,	1.0,	0.0,
	1.0,	1.0,	1.0,	1.0,	1.0,	0.0,
	1.0,	0.0,	1.0,	1.0,	1.0,	0.0,
	1.0,	0.0,	0.0,	0.0,	1.0,	1.0,
	1.0,	1.0,	0.0,	1.0,	1.0,	0.0,
	0.0,	0.0,	0.0,	0.0,	0.0,	1.0,
	0.0,	1.0,	1.0,	0.0,	0.0,	1.0,
	0.0,	0.0,	1.0,	0.0,	0.0,	1.0,
	1.0,	1.0,	1.0,	1.0,	0.0,	0.0,
	0.0,	1.0,	1.0,	0.0,	1.0,	0.0,
	0.0,	1.0,	1.0,	1.0,	1.0,	0.0,
	0.0,	0.0,	1.0,	0.0,	0.0,	0.0,
	1.0,	1.0,	1.0,	1.0,	0.0,	1.0,
	1.0,	0.0,	1.0,	1.0,	0.0,	0.0,
	0.0,	1.0,	0.0,	0.0,	0.0,	0.0,
	0.0,	0.0,	1.0,	0.0,	1.0,	0.0,
	0.0,	1.0,	1.0,	1.0,	1.0,	1.0,
	1.0,	0.0,	0.0,	1.0,	1.0,	0.0,
	1.0,	1.0,	1.0,	0.0,	1.0,	0.0,
	0.0,	0.0,	0.0,	1.0,	1.0,	1.0,
	1.0,	1.0,	0.0,	0.0,	0.0,	0.0,
	0.0,	1.0,	1.0,	1.0,	1.0,	0.0,
	0.0,	0.0,	1.0,	0.0,	0.0,	0.0,
	0.0,	0.0,	1.0,	0.0,	0.0,	0.0,
	0.0,	1.0,	0.0,	0.0,	0.0,	0.0,
	0.0,	0.0,	1.0,	1.0,	0.0,	0.0,
	0.0,	1.0,	0.0,	0.0,	1.0,	0.0,
	0.0,	0.0,	1.0,	0.0,	0.0,	1.0,
	0.0,	1.0,	1.0,	1.0,	1.0,	0.0,
	0.0,	1.0,	0.0,	0.0,	0.0,	0.0,
	1.0,	0.0,	1.0,	0.0,	0.0,	0.0,
	0.0,	0.0,	1.0,	0.0,	0.0,	1.0,
	0.0,	1.0,	0.0,	0.0,	0.0,	0.0),
.Dim = c(116,6)))
